10000 400.5 0.371467
9999.96 400.499 0.371467
9999.89 400.496 0.742933
9999.78 400.491 1.1144
9999.63 400.485 1.48586
9999.44 400.478 1.85731
9999.22 400.469 2.22876
9998.96 400.458 2.6002
9998.66 400.447 2.97164
9998.33 400.433 3.34306
9997.96 400.418 3.71446
9997.55 400.402 4.08586
9997.1 400.384 4.45724
9996.62 400.365 4.8286
9996.1 400.344 5.19994
9995.54 400.322 5.57126
9994.95 400.298 5.94256
9994.32 400.273 6.31384
9993.65 400.246 6.6851
9992.94 400.218 7.05632
9992.2 400.188 7.42753
9991.42 400.157 7.7987
9990.6 400.124 8.16984
9989.75 400.09 8.54095
9988.86 400.054 8.91203
9987.93 400.017 9.28307
9986.96 399.979 9.65408
9985.96 399.938 10.025
9984.92 399.897 10.396
9983.85 399.854 10.7669
9982.73 399.809 11.1377
9981.58 399.763 11.5085
9980.39 399.716 11.8793
9979.17 399.667 12.25
9977.91 399.616 12.6206
9976.61 399.564 12.9913
9975.27 399.511 13.3618
9973.9 399.456 13.7323
9972.49 399.399 14.1028
9971.04 399.342 14.4732
9969.56 399.282 14.8435
9968.03 399.221 15.2138
9966.48 399.159 15.584
9964.88 399.095 15.9542
9963.25 399.03 16.3243
9961.58 398.963 16.6943
9959.87 398.895 17.0643
9958.13 398.825 17.4342
9956.35 398.754 17.8041
9954.53 398.681 18.1738
9952.68 398.607 18.5435
9950.79 398.531 18.9131
9948.86 398.454 19.2827
9946.89 398.376 19.6522
9944.89 398.296 20.0215
9942.85 398.214 20.3909
9940.77 398.131 20.7601
9938.66 398.046 21.1292
9936.51 397.96 21.4983
9934.32 397.873 21.8673
9932.1 397.784 22.2362
9929.84 397.694 22.605
9927.54 397.602 22.9737
9925.21 397.508 23.3423
9922.84 397.414 23.7109
9920.43 397.317 24.0793
9917.99 397.219 24.4476
9915.5 397.12 24.8159
9912.99 397.019 25.184
9910.43 396.917 25.5521
9907.84 396.814 25.92
9905.21 396.708 26.2879
9902.54 396.602 26.6556
9899.84 396.494 27.0232
9897.1 396.384 27.3908
9894.33 396.273 27.7582
9891.51 396.161 28.1255
9888.66 396.047 28.4927
9885.78 395.931 28.8598
9882.86 395.814 29.2267
9879.9 395.696 29.5936
9876.9 395.576 29.9603
9873.87 395.455 30.3269
9870.8 395.332 30.6934
9867.69 395.208 31.0598
9864.55 395.082 31.426
9861.37 394.955 31.7921
9858.16 394.826 32.1581
9854.9 394.696 32.524
9851.61 394.565 32.8897
9848.29 394.432 33.2553
9844.93 394.297 33.6208
9841.53 394.161 33.9861
9838.09 394.024 34.3513
9834.62 393.885 34.7164
9831.11 393.745 35.0813
9827.57 393.603 35.4461
9823.99 393.459 35.8107
9820.37 393.315 36.1752
9816.72 393.169 36.5396
9813.03 393.021 36.9038
9809.3 392.872 37.2678
9805.54 392.721 37.6318
9801.74 392.569 37.9955
9797.9 392.416 38.3591
9794.03 392.261 38.7226
9790.12 392.105 39.0859
9786.17 391.947 39.449
9782.19 391.788 39.812
9778.18 391.627 40.1748
9774.12 391.465 40.5374
9770.03 391.301 40.8999
9765.91 391.136 41.2623
9761.74 390.97 41.6244
9757.54 390.802 41.9864
9753.31 390.632 42.3483
9749.04 390.462 42.7099
9744.73 390.289 43.0714
9740.39 390.116 43.4327
9736.01 389.94 43.7938
9731.59 389.764 44.1548
9727.14 389.586 44.5156
9722.65 389.406 44.8762
9718.13 389.225 45.2366
9713.57 389.043 45.5968
9708.97 388.859 45.9569
9704.34 388.674 46.3167
9699.68 388.487 46.6764
9694.97 388.299 47.0359
9690.23 388.109 47.3952
9685.46 387.918 47.7543
9680.65 387.726 48.1132
9675.8 387.532 48.4719
9670.92 387.337 48.8305
9666 387.14 49.1888
9661.04 386.942 49.5469
9656.05 386.742 49.9048
9651.03 386.541 50.2626
9645.96 386.339 50.6201
9640.87 386.135 50.9774
9635.73 385.929 51.3345
9630.56 385.723 51.6914
9625.36 385.514 52.0481
9620.12 385.305 52.4045
9614.84 385.094 52.7608
9609.53 384.881 53.1168
9604.18 384.667 53.4727
9598.8 384.452 53.8283
9593.38 384.235 54.1837
9587.93 384.017 54.5388
9582.44 383.798 54.8938
9576.91 383.577 55.2485
9571.35 383.354 55.603
9565.76 383.13 55.9573
9560.13 382.905 56.3113
9554.46 382.678 56.6651
9548.76 382.45 57.0187
9543.02 382.221 57.372
9537.25 381.99 57.7252
9531.44 381.758 58.078
9525.6 381.524 58.4307
9519.72 381.289 58.7831
9513.81 381.052 59.1352
9507.86 380.814 59.4871
9501.87 380.575 59.8388
9495.85 380.334 60.1902
9489.8 380.092 60.5414
9483.71 379.848 60.8923
9477.59 379.603 61.243
9471.43 379.357 61.5934
9465.23 379.109 61.9436
9459 378.86 62.2935
9452.74 378.61 62.6432
9446.44 378.358 62.9926
9440.11 378.104 63.3417
9433.74 377.849 63.6906
9427.33 377.593 64.0392
9420.89 377.336 64.3876
9414.42 377.077 64.7357
9407.91 376.816 65.0835
9401.37 376.555 65.431
9394.79 376.292 65.7783
9388.18 376.027 66.1253
9381.53 375.761 66.472
9374.85 375.494 66.8185
9368.13 375.225 67.1647
9361.38 374.955 67.5106
9354.6 374.684 67.8562
9347.78 374.411 68.2016
9340.92 374.137 68.5466
9334.03 373.861 68.8914
9327.11 373.584 69.2359
9320.15 373.306 69.5801
9313.16 373.026 69.924
9306.13 372.745 70.2676
9299.07 372.463 70.611
9291.97 372.179 70.954
9284.84 371.894 71.2967
9277.68 371.607 71.6392
9270.48 371.319 71.9813
9263.25 371.03 72.3232
9255.98 370.739 72.6647
9248.68 370.447 73.0059
9241.35 370.154 73.3469
9233.98 369.859 73.6875
9226.58 369.563 74.0278
9219.14 369.266 74.3678
9211.67 368.967 74.7075
9204.17 368.667 75.0469
9196.63 368.365 75.386
9189.05 368.062 75.7247
9181.45 367.758 76.0632
9173.81 367.452 76.4013
9166.13 367.145 76.7391
9158.43 366.837 77.0766
9150.68 366.527 77.4137
9142.91 366.216 77.7506
9135.1 365.904 78.0871
9127.26 365.59 78.4232
9119.38 365.275 78.7591
9111.47 364.959 79.0946
9103.53 364.641 79.4298
9095.55 364.322 79.7646
9087.54 364.002 80.0991
9079.5 363.68 80.4333
9071.42 363.357 80.7671
9063.31 363.033 81.1006
9055.17 362.707 81.4338
9046.99 362.38 81.7666
9038.78 362.051 82.099
9030.54 361.722 82.4311
9022.26 361.391 82.7629
9013.95 361.058 83.0943
9005.61 360.724 83.4253
8997.24 360.389 83.7561
8988.83 360.053 84.0864
8980.39 359.715 84.4164
8971.91 359.376 84.746
8963.4 359.036 85.0753
8954.86 358.695 85.4042
8946.29 358.352 85.7328
8937.68 358.007 86.0609
8929.05 357.662 86.3888
8920.37 357.315 86.7162
8911.67 356.967 87.0433
8902.93 356.617 87.37
8894.16 356.267 87.6963
8885.36 355.914 88.0223
8876.53 355.561 88.3479
8867.66 355.206 88.6731
8858.76 354.85 88.9979
8849.83 354.493 89.3224
8840.86 354.134 89.6465
8831.87 353.775 89.9702
8822.84 353.413 90.2935
8813.77 353.051 90.6164
8804.68 352.687 90.9389
8795.55 352.322 91.261
8786.4 351.956 91.5828
8777.21 351.588 91.9041
8767.98 351.219 92.2251
8758.73 350.849 92.5456
8749.44 350.478 92.8658
8740.12 350.105 93.1856
8730.77 349.731 93.5049
8721.39 349.356 93.8239
8711.98 348.979 94.1425
8702.53 348.601 94.4606
8693.05 348.222 94.7784
8683.54 347.842 95.0957
8674 347.46 95.4126
8664.43 347.077 95.7291
8654.82 346.693 96.0452
8645.19 346.308 96.3609
8635.52 345.921 96.6762
8625.82 345.533 96.991
8616.09 345.144 97.3055
8606.33 344.753 97.6195
8596.54 344.361 97.9331
8586.71 343.968 98.2462
8576.85 343.574 98.5589
8566.97 343.179 98.8713
8557.05 342.782 99.1831
8547.1 342.384 99.4946
8537.12 341.985 99.8056
8527.11 341.584 100.116
8517.07 341.183 100.426
8506.99 340.78 100.736
8496.89 340.375 101.045
8486.75 339.97 101.354
8476.59 339.563 101.663
8466.39 339.156 101.97
8456.16 338.746 102.278
8445.9 338.336 102.585
8435.61 337.925 102.892
8425.29 337.512 103.198
8414.94 337.098 103.504
8404.56 336.682 103.809
8394.15 336.266 104.114
8383.71 335.848 104.418
8373.24 335.429 104.722
8362.73 335.009 105.025
8352.2 334.588 105.328
8341.64 334.166 105.631
8331.04 333.742 105.933
8320.42 333.317 106.234
8309.77 332.891 106.535
8299.08 332.463 106.836
8288.37 332.035 107.136
8277.63 331.605 107.436
8266.85 331.174 107.735
8256.05 330.742 108.034
8245.22 330.309 108.332
8234.35 329.874 108.63
8223.46 329.438 108.927
8212.54 329.002 109.224
8201.59 328.563 109.521
8190.6 328.124 109.816
8179.59 327.684 110.112
8168.55 327.242 110.407
8157.48 326.799 110.701
8146.38 326.355 110.995
8135.25 325.91 111.288
8124.1 325.464 111.581
8112.91 325.016 111.874
8101.69 324.568 112.166
8090.45 324.118 112.457
8079.17 323.667 112.748
8067.87 323.215 113.039
8056.54 322.761 113.329
8045.17 322.307 113.618
8033.78 321.851 113.907
8022.36 321.395 114.196
8010.91 320.937 114.483
7999.44 320.478 114.771
7987.93 320.017 115.058
7976.4 319.556 115.344
7964.83 319.093 115.63
7953.24 318.63 115.915
7941.62 318.165 116.2
7929.97 317.699 116.485
7918.3 317.232 116.768
7906.59 316.764 117.052
7894.86 316.294 117.335
7883.1 315.824 117.617
7871.31 315.352 117.899
7859.49 314.88 118.18
7847.64 314.406 118.46
7835.77 313.931 118.741
7823.87 313.455 119.02
7811.94 312.977 119.299
7799.98 312.499 119.578
7787.99 312.02 119.856
7775.98 311.539 120.133
7763.94 311.058 120.41
7751.87 310.575 120.687
7739.77 310.091 120.962
7727.65 309.606 121.238
7715.5 309.12 121.512
7703.32 308.633 121.787
7691.12 308.145 122.06
7678.88 307.655 122.333
7666.62 307.165 122.606
7654.33 306.673 122.878
7642.02 306.181 123.149
7629.68 305.687 123.42
7617.31 305.192 123.691
7604.91 304.696 123.96
7592.49 304.2 124.23
7580.04 303.702 124.498
7567.56 303.202 124.766
7555.06 302.702 125.034
7542.53 302.201 125.301
7529.97 301.699 125.567
7517.39 301.196 125.833
7504.78 300.691 126.098
7492.14 300.186 126.363
7479.48 299.679 126.627
7466.79 299.172 126.891
7454.08 298.663 127.154
7441.33 298.153 127.416
7428.57 297.643 127.678
7415.77 297.131 127.939
7402.95 296.618 128.2
7390.11 296.104 128.46
7377.23 295.589 128.72
7364.34 295.073 128.978
7351.41 294.556 129.237
7338.46 294.039 129.495
7325.49 293.52 129.752
7312.49 292.999 130.008
7299.46 292.478 130.264
7286.41 291.956 130.52
7273.33 291.433 130.774
7260.23 290.909 131.029
7247.1 290.384 131.282
7233.95 289.858 131.535
7220.77 289.331 131.788
7207.56 288.803 132.039
7194.33 288.273 132.291
7181.08 287.743 132.541
7167.8 287.212 132.791
7154.5 286.68 133.04
7141.17 286.147 133.289
7127.81 285.613 133.537
7114.44 285.077 133.785
7101.03 284.541 134.032
7087.61 284.004 134.278
7074.15 283.466 134.524
7060.68 282.927 134.769
7047.17 282.387 135.014
7033.65 281.846 135.257
7020.1 281.304 135.501
7006.52 280.761 135.743
6992.93 280.217 135.985
6979.3 279.672 136.227
6965.66 279.126 136.467
6951.99 278.579 136.707
6938.29 278.032 136.947
6924.57 277.483 137.186
6910.83 276.933 137.424
6897.06 276.383 137.662
6883.27 275.831 137.899
6869.46 275.278 138.135
6855.62 274.725 138.371
6841.76 274.171 138.606
6827.88 273.615 138.84
6813.97 273.059 139.074
6800.04 272.502 139.307
6786.09 271.943 139.54
6772.11 271.384 139.772
6758.11 270.824 140.003
6744.09 270.263 140.234
6730.04 269.702 140.464
6715.97 269.139 140.693
6701.88 268.575 140.921
6687.76 268.011 141.149
6673.63 267.445 141.377
6659.47 266.879 141.604
6645.28 266.311 141.83
6631.08 265.743 142.055
6616.85 265.174 142.28
6602.6 264.604 142.504
6588.33 264.033 142.727
6574.03 263.461 142.95
6559.71 262.889 143.172
6545.37 262.315 143.394
6531.01 261.741 143.615
6516.63 261.165 143.835
6502.22 260.589 144.054
6487.8 260.012 144.273
6473.35 259.434 144.491
6458.88 258.855 144.709
6444.38 258.275 144.925
6429.87 257.695 145.142
6415.33 257.113 145.357
6400.78 256.531 145.572
6386.2 255.948 145.786
6371.6 255.364 145.999
6356.98 254.779 146.212
6342.33 254.193 146.424
6327.67 253.607 146.636
6312.99 253.019 146.847
6298.28 252.431 147.057
6283.55 251.842 147.266
6268.81 251.252 147.475
6254.04 250.662 147.683
6239.25 250.07 147.89
6224.44 249.478 148.097
6209.61 248.884 148.303
6194.76 248.29 148.508
6179.89 247.695 148.713
6165 247.1 148.917
6150.08 246.503 149.12
6135.15 245.906 149.323
6120.2 245.308 149.524
6105.23 244.709 149.726
6090.23 244.109 149.926
6075.22 243.509 150.126
6060.19 242.908 150.325
6045.14 242.305 150.523
6030.06 241.703 150.721
6014.97 241.099 150.918
5999.86 240.494 151.115
5984.73 239.889 151.31
5969.58 239.283 151.505
5954.41 238.676 151.699
5939.22 238.069 151.893
5924.01 237.46 152.086
5908.78 236.851 152.278
5893.54 236.241 152.469
5878.27 235.631 152.66
5862.99 235.019 152.85
5847.68 234.407 153.039
5832.36 233.794 153.228
5817.02 233.181 153.416
5801.66 232.566 153.603
5786.28 231.951 153.79
5770.88 231.335 153.975
5755.46 230.719 154.16
5740.03 230.101 154.345
5724.58 229.483 154.528
5709.11 228.864 154.711
5693.62 228.245 154.894
5678.11 227.624 155.075
5662.58 227.003 155.256
5647.04 226.382 155.436
5631.48 225.759 155.615
5615.9 225.136 155.794
5600.3 224.512 155.972
5584.69 223.887 156.149
5569.05 223.262 156.326
5553.4 222.636 156.501
5537.74 222.009 156.676
5522.05 221.382 156.851
5506.35 220.754 157.024
5490.63 220.125 157.197
5474.89 219.496 157.369
5459.14 218.866 157.541
5443.37 218.235 157.712
5427.58 217.603 157.882
5411.77 216.971 158.051
5395.95 216.338 158.219
5380.11 215.705 158.387
5364.26 215.07 158.554
5348.39 214.435 158.721
5332.5 213.8 158.886
5316.59 213.164 159.051
5300.67 212.527 159.215
5284.73 211.889 159.379
5268.78 211.251 159.542
5252.81 210.612 159.704
5236.82 209.973 159.865
5220.82 209.333 160.025
5204.8 208.692 160.185
5188.77 208.051 160.344
5172.72 207.409 160.503
5156.65 206.766 160.66
5140.57 206.123 160.817
5124.47 205.479 160.973
5108.36 204.834 161.129
5092.23 204.189 161.283
5076.09 203.543 161.437
5059.93 202.897 161.59
5043.75 202.25 161.743
5027.56 201.603 161.895
5011.36 200.954 162.046
4995.14 200.306 162.196
4978.9 199.656 162.345
4962.66 199.006 162.494
4946.39 198.356 162.642
4930.11 197.704 162.789
4913.82 197.053 162.936
4897.51 196.4 163.082
4881.19 195.748 163.227
4864.85 195.094 163.371
4848.5 194.44 163.515
4832.13 193.785 163.658
4815.75 193.13 163.8
4799.36 192.474 163.941
4782.95 191.818 164.082
4766.53 191.161 164.222
4750.09 190.504 164.361
4733.64 189.846 164.499
4717.18 189.187 164.637
4700.7 188.528 164.774
4684.21 187.868 164.91
4667.71 187.208 165.046
4651.19 186.548 165.18
4634.66 185.886 165.314
4618.11 185.224 165.447
4601.55 184.562 165.58
4584.98 183.899 165.712
4568.4 183.236 165.843
4551.8 182.572 165.973
4535.19 181.908 166.102
4518.57 181.243 166.231
4501.93 180.577 166.359
4485.28 179.911 166.486
4468.62 179.245 166.613
4451.95 178.578 166.739
4435.26 177.91 166.864
4418.56 177.243 166.988
4401.85 176.574 167.112
4385.13 175.905 167.234
4368.39 175.236 167.356
4351.64 174.566 167.478
4334.89 173.895 167.598
4318.11 173.225 167.718
4301.33 172.553 167.837
4284.53 171.881 167.956
4267.73 171.209 168.073
4250.91 170.536 168.19
4234.08 169.863 168.306
4217.23 169.189 168.421
4200.38 168.515 168.536
4183.57 167.843 168.089
4166.81 167.172 167.643
4150.09 166.504 167.198
4133.41 165.837 166.753
4116.78 165.171 166.31
4100.2 164.508 165.867
4083.65 163.846 165.424
4067.15 163.186 164.983
4050.7 162.528 164.542
4034.29 161.872 164.102
4017.92 161.217 163.663
4001.6 160.564 163.225
3985.32 159.913 162.787
3969.09 159.263 162.351
3952.9 158.616 161.915
3936.75 157.97 161.479
3920.64 157.326 161.045
3904.58 156.683 160.611
3888.56 156.043 160.178
3872.59 155.404 159.746
3856.66 154.766 159.314
3840.77 154.131 158.883
3824.93 153.497 158.453
3809.12 152.865 158.024
3793.36 152.235 157.596
3777.65 151.606 157.168
3761.97 150.979 156.741
3746.34 150.354 156.314
3730.75 149.73 155.889
3715.21 149.108 155.464
3699.7 148.488 155.04
3684.24 147.87 154.617
3668.82 147.253 154.194
3653.44 146.638 153.772
3638.11 146.024 153.351
3622.81 145.413 152.931
3607.56 144.803 152.511
3592.35 144.194 152.093
3577.19 143.587 151.674
3562.06 142.982 151.257
3546.98 142.379 150.84
3531.93 141.777 150.424
3516.93 141.177 150.009
3501.97 140.579 149.595
3487.06 139.982 149.181
3472.18 139.387 148.768
3457.34 138.794 148.356
3442.55 138.202 147.944
3427.8 137.612 147.533
3413.08 137.023 147.123
3398.41 136.437 146.713
3383.78 135.851 146.305
3369.19 135.268 145.897
3354.64 134.686 145.489
3340.14 134.105 145.083
3325.67 133.527 144.677
3311.24 132.95 144.271
3296.85 132.374 143.867
3282.51 131.8 143.463
3268.2 131.228 143.06
3253.94 130.657 142.658
3239.71 130.088 142.256
3225.52 129.521 141.855
3211.38 128.955 141.455
3197.27 128.391 141.055
3183.21 127.828 140.656
3169.18 127.267 140.258
3155.2 126.708 139.86
3141.25 126.15 139.464
3127.34 125.594 139.067
3113.48 125.039 138.672
3099.65 124.486 138.277
3085.86 123.934 137.883
3072.11 123.384 137.49
3058.4 122.836 137.097
3044.73 122.289 136.705
3031.1 121.744 136.313
3017.51 121.2 135.923
3003.95 120.658 135.532
2990.44 120.118 135.143
2976.96 119.579 134.754
2963.53 119.041 134.366
2950.13 118.505 133.979
2936.77 117.971 133.592
2923.45 117.438 133.206
2910.17 116.907 132.821
2896.92 116.377 132.436
2883.72 115.849 132.052
2870.55 115.322 131.668
2857.42 114.797 131.286
2844.33 114.273 130.904
2831.28 113.751 130.522
2818.27 113.231 130.141
2805.29 112.712 129.761
2792.35 112.194 129.382
2779.45 111.678 129.003
2766.59 111.164 128.624
2753.77 110.651 128.247
2740.98 110.139 127.87
2728.23 109.629 127.493
2715.52 109.121 127.118
2702.84 108.614 126.743
2690.21 108.108 126.368
2677.61 107.604 125.994
2665.04 107.102 125.621
2652.52 106.601 125.249
2640.03 106.101 124.877
2627.58 105.603 124.506
2615.17 105.107 124.135
2602.79 104.612 123.765
2590.45 104.118 123.395
2578.15 103.626 123.027
2565.88 103.135 122.658
2553.65 102.646 122.291
2541.46 102.158 121.924
2529.31 101.672 121.557
2517.19 101.187 121.192
2505.1 100.704 120.826
2493.06 100.222 120.462
2481.05 99.7419 120.098
2469.08 99.263 119.735
2457.14 98.7855 119.372
2445.24 98.3095 119.01
2433.37 97.8349 118.648
2421.54 97.3617 118.287
2409.75 96.89 117.927
2397.99 96.4198 117.567
2386.27 95.9509 117.208
2374.59 95.4835 116.849
2362.94 95.0176 116.491
2351.33 94.553 116.134
2339.75 94.0899 115.777
2328.21 93.6282 115.421
2316.7 93.168 115.065
2305.23 92.7091 114.71
2293.79 92.2517 114.355
2282.39 91.7957 114.001
2271.03 91.3411 113.648
2259.7 90.8879 113.295
2248.4 90.4362 112.943
2237.15 89.9858 112.591
2225.92 89.5369 112.24
2214.73 89.0893 111.889
2203.58 88.6431 111.539
2192.46 88.1984 111.19
2181.38 87.755 110.841
2170.33 87.313 110.493
2159.31 86.8725 110.145
2148.33 86.4333 109.797
2137.39 85.9955 109.451
2126.48 85.5591 109.105
2115.6 85.124 108.759
2104.76 84.6904 108.414
2093.95 84.2581 108.069
2083.18 83.8272 107.725
2072.44 83.3977 107.382
2061.74 82.9695 107.039
2051.07 82.5427 106.697
2040.43 82.1173 106.355
2029.83 81.6932 106.013
2019.26 81.2706 105.673
2008.73 80.8492 105.332
1998.23 80.4293 104.993
1987.77 80.0106 104.653
1977.33 79.5934 104.315
1966.94 79.1775 103.977
1956.57 78.7629 103.639
1946.24 78.3497 103.302
1935.95 77.9378 102.965
1925.68 77.5273 102.629
1915.45 77.1182 102.293
1905.26 76.7103 101.958
1895.1 76.3038 101.624
1884.97 75.8987 101.29
1874.87 75.4948 100.956
1864.81 75.0924 100.623
1854.78 74.6912 100.29
1844.78 74.2914 99.9583
1834.82 73.8929 99.6267
1824.89 73.4957 99.2956
1815 73.0998 98.965
1805.13 72.7053 98.6349
1795.3 72.3121 98.3053
1785.5 71.9201 97.9761
1775.74 71.5296 97.6475
1766.01 71.1403 97.3193
1756.31 70.7523 96.9916
1746.64 70.3657 96.6644
1737.01 69.9803 96.3377
1727.41 69.5963 96.0114
1717.84 69.2135 95.6856
1708.3 68.8321 95.3603
1698.8 68.4519 95.0355
1689.33 68.0731 94.7111
1679.89 67.6955 94.3872
1670.48 67.3193 94.0637
1661.11 66.9443 93.7408
1651.77 66.5706 93.4182
1642.46 66.1983 93.0962
1633.18 65.8272 92.7746
1623.93 65.4574 92.4534
1614.72 65.0888 92.1327
1605.54 64.7216 91.8125
1596.39 64.3556 91.4927
1587.27 63.9909 91.1733
1578.19 63.6275 90.8544
1569.13 63.2653 90.5359
1560.11 62.9045 90.2179
1551.12 62.5449 89.9003
1542.16 62.1865 89.5832
1533.24 61.8295 89.2665
1524.34 61.4737 88.9502
1515.48 61.1191 88.6344
1506.65 60.7659 88.319
1497.85 60.4138 88.004
1489.08 60.0631 87.6894
1480.34 59.7136 87.3753
1471.63 59.3653 87.0616
1462.96 59.0183 86.7483
1454.32 58.6726 86.4355
1445.7 58.3281 86.123
1437.12 57.9849 85.811
1428.57 57.6429 85.4994
1420.05 57.3021 85.1882
1411.57 56.9626 84.8774
1403.11 56.6243 84.567
1394.68 56.2873 84.2571
1386.29 55.9515 83.9475
1377.92 55.617 83.6383
1369.59 55.2836 83.3296
1361.29 54.9516 83.0212
1353.02 54.6207 82.7132
1344.78 54.2911 82.4057
1336.57 53.9627 82.0985
1328.39 53.6355 81.7917
1320.24 53.3096 81.4853
1312.12 52.9849 81.1793
1304.03 52.6614 80.8737
1295.98 52.3391 80.5685
1287.95 52.018 80.2636
1279.96 51.6982 79.9592
1271.99 51.3796 79.6551
1264.05 51.0622 79.3514
1256.15 50.746 79.048
1248.28 50.431 78.7451
1240.43 50.1172 78.4425
1232.62 49.8047 78.1402
1224.83 49.4933 77.8384
1217.08 49.1832 77.5369
1209.36 48.8742 77.2358
1201.66 48.5665 76.935
1194 48.26 76.6346
1186.37 47.9546 76.3346
1178.76 47.6505 76.0349
1171.19 47.3475 75.7356
1163.64 47.0458 75.4366
1156.13 46.7452 75.138
1148.65 46.4459 74.8397
1141.19 46.1477 74.5418
1133.77 45.8507 74.2442
1126.37 45.5549 73.947
1119.01 45.2603 73.6501
1111.67 44.9669 73.3536
1104.37 44.6747 73.0573
1097.09 44.3837 72.7615
1089.84 44.0938 72.4659
1082.63 43.8051 72.1707
1075.44 43.5176 71.8759
1068.28 43.2313 71.5813
1061.15 42.9461 71.2871
1054.05 42.6622 70.9932
1046.98 42.3794 70.6996
1039.94 42.0977 70.4064
1032.93 41.8173 70.1135
1025.95 41.538 69.8209
1019 41.2599 69.5286
1012.07 40.9829 69.2366
1005.18 40.7072 68.945
998.314 40.4325 68.6536
991.477 40.1591 68.3626
984.67 39.8868 68.0718
977.892 39.6157 67.7814
971.143 39.3457 67.4913
964.423 39.0769 67.2015
957.732 38.8093 66.912
951.069 38.5428 66.6227
944.436 38.2774 66.3338
937.831 38.0133 66.0452
931.256 37.7502 65.7569
924.709 37.4884 65.4688
918.191 37.2276 65.1811
911.701 36.9681 64.8936
905.241 36.7096 64.6064
898.809 36.4524 64.3195
892.405 36.1962 64.0329
886.031 35.9412 63.7466
879.685 35.6874 63.4605
873.367 35.4347 63.1747
867.078 35.1831 62.8892
860.818 34.9327 62.604
854.586 34.6834 62.319
848.383 34.4353 62.0344
842.208 34.1883 61.7499
836.061 33.9424 61.4658
829.943 33.6977 61.1819
823.853 33.4541 60.8982
817.792 33.2117 60.6149
811.758 32.9703 60.3318
805.753 32.7301 60.0489
799.777 32.4911 59.7663
793.828 32.2531 59.484
787.908 32.0163 59.2019
782.016 31.7807 58.92
776.152 31.5461 58.6384
770.317 31.3127 58.3571
764.509 31.0804 58.0759
758.73 30.8492 57.7951
752.978 30.6191 57.5145
747.255 30.3902 57.2341
741.559 30.1624 56.9539
735.892 29.9357 56.674
730.253 29.7101 56.3943
724.641 29.4856 56.1148
719.058 29.2623 55.8356
713.502 29.0401 55.5566
707.974 28.819 55.2778
702.474 28.599 54.9993
697.002 28.3801 54.721
691.558 28.1623 54.4429
686.141 27.9456 54.165
680.753 27.7301 53.8873
675.392 27.5157 53.6098
670.058 27.3023 53.3326
664.753 27.0901 53.0556
659.475 26.879 52.7787
654.225 26.669 52.5021
649.002 26.4601 52.2257
643.807 26.2523 51.9495
638.64 26.0456 51.6735
633.5 25.84 51.3977
628.388 25.6355 51.1221
623.303 25.4321 50.8467
618.246 25.2298 50.5714
613.216 25.0287 50.2964
608.214 24.8286 50.0216
603.239 24.6296 49.7469
598.292 24.4317 49.4725
593.372 24.2349 49.1982
588.48 24.0392 48.9241
583.615 23.8446 48.6502
578.777 23.6511 48.3765
573.967 23.4587 48.1029
569.184 23.2674 47.8296
564.428 23.0771 47.5564
559.7 22.888 47.2833
554.999 22.7 47.0105
550.325 22.513 46.7378
545.679 22.3271 46.4653
541.059 22.1424 46.1929
536.467 21.9587 45.9207
531.903 21.7761 45.6487
527.365 21.5946 45.3768
522.854 21.4142 45.1051
518.371 21.2348 44.8336
513.915 21.0566 44.5622
509.486 20.8794 44.2909
505.084 20.7033 44.0198
500.709 20.5284 43.7489
496.361 20.3544 43.4781
492.04 20.1816 43.2074
487.747 20.0099 42.9369
483.48 19.8392 42.6665
479.24 19.6696 42.3963
475.028 19.5011 42.1262
470.842 19.3337 41.8562
466.683 19.1673 41.5864
462.552 19.0021 41.3167
458.447 18.8379 41.0472
454.369 18.6748 40.7777
450.318 18.5127 40.5084
446.294 18.3518 40.2392
442.297 18.1919 39.9702
438.327 18.0331 39.7012
434.384 17.8754 39.4324
430.468 17.7187 39.1637
426.578 17.5631 38.8951
422.716 17.4086 38.6266
418.88 17.2552 38.3583
415.071 17.1028 38.09
411.288 16.9515 37.8219
407.533 16.8013 37.5538
403.805 16.6522 37.2859
400.103 16.5041 37.0181
396.428 16.3571 36.7503
392.779 16.2112 36.4827
389.158 16.0663 36.2152
385.563 15.9225 35.9477
381.995 15.7798 35.6804
378.454 15.6382 35.4131
374.939 15.4976 35.1459
371.451 15.3581 34.8789
367.99 15.2196 34.6119
364.556 15.0822 34.345
361.148 14.9459 34.0781
357.767 14.8107 33.8114
354.412 14.6765 33.5447
351.084 14.5434 33.2781
347.783 14.4113 33.0116
344.509 14.2803 32.7451
341.261 14.1504 32.4787
338.04 14.0216 32.2124
334.845 13.8938 31.9462
331.677 13.7671 31.68
328.536 13.6414 31.4139
325.421 13.5168 31.1478
322.333 13.3933 30.8818
319.271 13.2708 30.6159
316.236 13.1494 30.35
313.228 13.0291 30.0842
310.246 12.9098 29.8184
307.291 12.7916 29.5527
304.362 12.6745 29.287
301.46 12.5584 29.0213
298.584 12.4434 28.7557
295.735 12.3294 28.4902
292.913 12.2165 28.2247
290.117 12.1047 27.9592
287.347 11.9939 27.6938
284.604 11.8842 27.4284
281.888 11.7755 27.163
279.198 11.6679 26.8976
276.535 11.5614 26.6323
273.898 11.4559 26.367
271.288 11.3515 26.1018
268.705 11.2482 25.8365
266.148 11.1459 25.5713
263.617 11.0447 25.3061
261.113 10.9445 25.0409
258.635 10.8454 24.7758
256.184 10.7474 24.5106
253.76 10.6504 24.2454
251.362 10.5545 23.9803
248.99 10.4596 23.7152
246.645 10.3658 23.45
244.327 10.2731 23.1849
242.035 10.1814 22.9198
239.769 10.0908 22.6547
237.53 10.0012 22.3895
235.318 9.91271 22.1244
233.132 9.82527 21.8593
230.972 9.7389 21.5941
228.84 9.65358 21.329
226.733 9.56933 21.0638
224.653 9.48613 20.7986
222.6 9.404 20.5334
220.573 9.32292 20.2682
218.573 9.24291 20.0029
216.599 9.16396 19.7376
214.652 9.08607 19.4723
212.731 9.00925 19.207
210.837 8.93348 18.9417
208.969 8.85877 18.6763
207.128 8.78513 18.4109
205.314 8.71255 18.1454
203.526 8.64103 17.8799
201.764 8.57057 17.6144
200.029 8.50118 17.3488
198.321 8.43284 17.0832
196.639 8.36557 16.8176
194.984 8.29937 16.5518
193.356 8.23422 16.2861
191.753 8.17014 16.0203
190.178 8.10712 15.7544
188.629 8.04517 15.4885
187.107 7.98428 15.2225
185.611 7.92445 14.9565
184.142 7.86569 14.6904
182.7 7.80799 14.4242
181.284 7.75136 14.158
179.895 7.69579 13.8917
178.532 7.64129 13.6254
177.196 7.58786 13.3589
175.887 7.53549 13.0924
174.605 7.48418 12.8258
173.349 7.43395 12.5591
172.119 7.38478 12.2924
170.917 7.33668 12.0256
169.741 7.28964 11.7586
168.592 7.24367 11.4916
167.469 7.19878 11.2245
166.374 7.15495 10.9574
165.305 7.11219 10.6901
164.262 7.0705 10.4227
163.247 7.02988 10.1552
162.258 6.99032 9.88765
161.296 6.95184 9.61998
160.361 6.91444 9.3522
159.452 6.8781 9.08431
158.571 6.84283 8.81631
157.716 6.80864 8.54821
156.888 6.77552 8.27998
156.087 6.74347 8.01165
155.313 6.7125 7.74319
154.565 6.6826 7.47462
153.844 6.65378 7.20592
153.151 6.62603 6.9371
152.484 6.59936 6.66816
151.844 6.57376 6.39908
151.231 6.54924 6.12988
150.581 6.52323 6.50294
149.957 6.4983 6.23353
149.297 6.47187 6.60658
148.663 6.44652 6.33696
148.056 6.42225 6.06721
147.412 6.39649 6.44029
146.795 6.37181 6.17034
146.205 6.34821 5.90026
145.578 6.32312 6.27336
144.978 6.2991 6.00307
144.34 6.2736 6.37616
143.729 6.24918 6.10567
143.146 6.22584 5.83504
142.525 6.201 6.20816
141.931 6.17725 5.93733
141.3 6.15201 6.31043
140.696 6.12786 6.0394
140.12 6.10478 5.76823
139.505 6.08022 6.14136
138.918 6.05674 5.86999
138.359 6.03434 5.59848
137.761 6.01046 5.97164
137.191 5.98766 5.69992
136.584 5.96336 6.07307
136.004 5.94016 5.80115
135.451 5.91804 5.5291
134.861 5.89443 5.90227
134.298 5.87191 5.63001
133.698 5.8479 6.00317
133.124 5.82498 5.7307
132.579 5.80315 5.45811
131.996 5.77982 5.83129
131.44 5.75759 5.55849
130.911 5.73645 5.28555
130.345 5.71381 5.65876
129.807 5.69227 5.38562
129.231 5.66923 5.75881
128.682 5.64729 5.48546
128.161 5.62644 5.21198
127.603 5.6041 5.5852
127.071 5.58286 5.31151
126.503 5.56012 5.68472
125.962 5.53847 5.41082
125.448 5.51793 5.13679
124.897 5.49589 5.51002
124.374 5.47494 5.23578
123.813 5.45251 5.609
123.279 5.43117 5.33456
122.773 5.41093 5.05998
122.23 5.3892 5.43323
121.714 5.36856 5.15844
121.226 5.34903 4.88351
120.7 5.328 5.25678
120.202 5.30807 4.98165
119.666 5.28666 5.35491
119.158 5.26634 5.07957
118.678 5.24712 4.80409
118.16 5.22641 5.17738
117.67 5.2068 4.9017
117.143 5.1857 5.27497
116.643 5.16571 4.99908
116.17 5.14682 4.72305
115.661 5.12643 5.09635
115.179 5.10715 4.82012
114.659 5.08638 5.1934
114.168 5.06671 4.91696
113.704 5.04815 4.64038
113.202 5.02809 5.01369
112.729 5.00914 4.7369
112.218 4.9887 5.1102
111.734 4.96937 4.83321
111.279 4.95115 4.55608
110.786 4.93143 4.9294
110.321 4.91282 4.65206
109.818 4.89272 5.02537
109.343 4.87373 4.74783
108.896 4.85585 4.47014
108.412 4.83647 4.84347
107.955 4.81821 4.56558
107.461 4.79846 4.9389
106.995 4.77981 4.6608
106.557 4.76228 4.38256
106.081 4.74326 4.7559
105.634 4.72535 4.47746
105.149 4.70595 4.85079
104.691 4.68766 4.57214
104.262 4.67048 4.29334
103.795 4.65182 4.6667
103.357 4.63427 4.38769
102.881 4.61522 4.76104
102.432 4.59729 4.48183
102.012 4.58048 4.20248
101.555 4.56218 4.57585
101.125 4.545 4.29629
100.658 4.52632 4.66964
100.219 4.50876 4.38988
99.808 4.49232 4.10997
99.3596 4.47438 4.48335
98.9393 4.45757 4.20323
98.4816 4.43927 4.5766
98.052 4.42208 4.29628
97.6504 4.40602 4.01581
97.2115 4.38846 4.3892
96.8007 4.37203 4.10852
96.3525 4.3541 4.48191
95.9324 4.33729 4.20103
95.5404 4.32161 3.91999
95.111 4.30444 4.2934
94.7098 4.28839 4.01216
94.2713 4.27085 4.38556
93.8608 4.25443 4.10412
93.4786 4.23914 3.82252
93.059 4.22236 4.19594
92.6676 4.2067 3.91415
92.2388 4.18955 4.28755
91.8383 4.17353 4.00555
91.4659 4.15864 3.7234
91.0562 4.14225 4.09683
90.6748 4.12699 3.81447
90.256 4.11024 4.18789
89.8655 4.09462 3.90532
89.5032 4.08013 3.6226
89.1036 4.06414 3.99605
88.7323 4.04929 3.71312
88.3236 4.03295 4.08655
87.9433 4.01773 3.80343
87.5913 4.00365 3.52014
87.2019 3.98808 3.8936
86.8409 3.97364 3.61011
86.4426 3.9577 3.98355
86.0726 3.9429 3.69986
85.6652 3.92661 4.0733
85.2863 3.91145 3.7894
84.9358 3.89743 3.50535
84.5479 3.88192 3.87881
84.1884 3.86754 3.59455
83.7916 3.85167 3.968
83.4233 3.83693 3.68354
83.0834 3.82334 3.39892
82.7062 3.80825 3.77239
82.3574 3.7943 3.48756
81.9713 3.77885 3.86102
81.6137 3.76455 3.576
81.2846 3.75138 3.29081
80.9182 3.73673 3.66429
80.5803 3.72321 3.3789
80.2051 3.7082 3.75237
79.8584 3.69434 3.46678
79.5403 3.68161 3.18102
79.1848 3.66739 3.55451
78.858 3.65432 3.26855
78.4938 3.63975 3.64203
78.1582 3.62633 3.35587
77.7852 3.61141 3.72934
77.4409 3.59764 3.44298
77.1253 3.58501 3.15645
76.7723 3.57089 3.52994
76.448 3.55792 3.24321
76.0863 3.54345 3.61669
75.7533 3.53013 3.32976
75.4491 3.51796 3.04266
75.1075 3.5043 3.41616
74.7946 3.49178 3.12886
74.4443 3.47777 3.50235
74.1229 3.46491 3.21485
73.764 3.45056 3.58833
73.434 3.43736 3.30062
73.1327 3.42531 3.01275
72.7941 3.41176 3.38625
72.4842 3.39937 3.09817
72.1371 3.38548 3.47167
71.8187 3.37275 3.18339
71.5292 3.36117 2.89494
71.2024 3.3481 3.26846
70.9044 3.33618 2.9798
70.5691 3.32276 3.35331
70.2626 3.31051 3.06445
69.9188 3.29675 3.43796
69.604 3.28416 3.14889
69.318 3.27272 2.85967
68.9947 3.25979 3.23319
68.7003 3.24801 2.94375
68.3686 3.23474 3.31727
68.0658 3.22263 3.02763
67.792 3.21168 2.73783
67.4809 3.19924 3.11136
67.1988 3.18795 2.82135
66.8793 3.17517 3.19488
66.5888 3.16355 2.90466
66.261 3.15044 3.27818
65.9622 3.13849 2.98776
65.6925 3.1277 2.69717
65.3854 3.11542 3.07071
65.1074 3.1043 2.77992
64.7921 3.09168 3.15345
64.5058 3.08023 2.86245
64.2487 3.06995 2.57129
63.9542 3.05817 2.94483
63.6889 3.04756 2.65346
63.3862 3.03545 3.027
63.1126 3.02451 2.73543
62.8017 3.01207 3.10896
62.52 3.0008 2.81718
62.2675 2.9907 2.52523
61.9776 2.9791 2.89878
61.717 2.96868 2.60663
61.4189 2.95676 2.98017
61.1502 2.94601 2.68781
60.844 2.93376 3.06135
60.5671 2.92269 2.76878
60.3195 2.91278 2.47605
60.0346 2.90138 2.8496
59.7789 2.89116 2.55666
59.4859 2.87944 2.93021
59.2222 2.86889 2.63706
58.9878 2.85951 2.34374
58.7161 2.84864 2.71731
58.4737 2.83895 2.42378
58.194 2.82776 2.79734
57.9436 2.81774 2.50361
57.6559 2.80624 2.87716
57.3976 2.7959 2.58323
57.1687 2.78675 2.28912
56.9024 2.7761 2.66269
56.6656 2.76662 2.36837
56.3914 2.75565 2.74193
56.1466 2.74586 2.44741
55.8645 2.73458 2.82097
55.6119 2.72448 2.52625
55.3888 2.71555 2.23134
55.1283 2.70513 2.60492
54.8973 2.69589 2.30981
54.6289 2.68516 2.68338
54.3901 2.67561 2.38807
54.114 2.66456 2.76163
53.8674 2.65469 2.46611
53.6503 2.64601 2.17042
53.3959 2.63584 2.544
53.1711 2.62684 2.2481
52.909 2.61636 2.62167
52.6764 2.60706 2.32556
52.4065 2.59626 2.69913
52.1662 2.58665 2.40282
51.9556 2.57822 2.10633
51.7076 2.5683 2.47991
51.4893 2.55957 2.18322
51.2336 2.54934 2.55679
51.0076 2.5403 2.25989
50.7442 2.52977 2.63346
50.5106 2.52042 2.33636
50.3067 2.51227 2.03907
50.0654 2.50262 2.41266
49.8539 2.49416 2.11517
49.605 2.4842 2.48875
49.3859 2.47544 2.19105
49.1295 2.46518 2.56463
48.9028 2.45611 2.26672
48.7059 2.44824 1.96864
48.4717 2.43887 2.34223
48.2673 2.43069 2.04394
48.0256 2.42102 2.41753
47.8137 2.41255 2.11903
47.5644 2.40258 2.49261
47.345 2.3938 2.1939
47.1555 2.38622 1.89502
46.9287 2.37715 2.26862
46.7317 2.36927 1.96953
46.4974 2.3599 2.34312
46.293 2.35172 2.04382
46.0513 2.34205 2.41741
45.8395 2.33358 2.1179
45.6577 2.32631 1.81821
45.4385 2.31754 2.19182
45.2493 2.30997 1.89192
45.0227 2.30091 2.26552
44.8262 2.29305 1.96542
44.5923 2.28369 2.33901
44.3884 2.27554 2.0387
44.1472 2.26589 2.41229
43.936 2.25744 2.11177
43.7549 2.2502 1.81107
43.5364 2.24146 2.18468
43.3481 2.23392 1.88377
43.1223 2.22489 2.25737
42.9267 2.21707 1.95625
42.6937 2.20775 2.32985
42.4909 2.19963 2.02853
42.3182 2.19273 1.72702
42.1081 2.18432 2.10063
41.9282 2.17713 1.79891
41.7109 2.16844 2.17252
41.5239 2.16096 1.8706
41.2995 2.15198 2.2442
41.1053 2.14421 1.94207
40.9413 2.13765 1.63975
40.7399 2.1296 2.01337
40.5689 2.12275 1.71084
40.3604 2.11442 2.08445
40.1822 2.10729 1.78172
39.9667 2.09867 2.15533
39.7815 2.09126 1.85239
39.5589 2.08236 2.22599
39.3666 2.07466 1.92284
39.2046 2.06819 1.61951
39.0053 2.06021 1.99312
38.8364 2.05345 1.68958
38.6301 2.0452 2.06319
38.4541 2.03816 1.75944
38.2408 2.02963 2.13305
38.0579 2.02232 1.82909
37.9054 2.01622 1.52494
37.7155 2.00862 1.89856
37.5561 2.00224 1.59421
37.3593 1.99437 1.96783
37.193 1.98772 1.66326
36.9893 1.97957 2.03687
36.8161 1.97264 1.7321
36.6055 1.96422 2.10571
36.4255 1.95702 1.80073
36.2759 1.95104 1.49556
36.089 1.94356 1.86918
35.9326 1.9373 1.5638
35.7389 1.92956 1.93742
35.5757 1.92303 1.63183
35.3752 1.91501 2.00544
35.2052 1.90821 1.69964
35.0658 1.90263 1.39366
34.8891 1.89556 1.76728
34.743 1.88972 1.46109
34.5595 1.88238 1.83471
34.4067 1.87627 1.5283
34.2165 1.86866 1.90192
34.057 1.86228 1.59531
33.8601 1.8544 1.96892
33.6939 1.84775 1.6621
33.5583 1.84233 1.35508
33.3855 1.83542 1.72871
33.2433 1.82973 1.42148
33.0638 1.82255 1.79511
32.915 1.8166 1.48767
32.7289 1.80916 1.86129
32.5736 1.80294 1.55365
32.3808 1.79523 1.92727
32.2189 1.78876 1.61941
32.0878 1.78351 1.31136
31.9193 1.77677 1.68499
31.7816 1.77126 1.37673
31.6065 1.76426 1.75036
31.4624 1.75849 1.44189
31.2808 1.75123 1.81551
31.1301 1.7452 1.50683
30.9421 1.73768 1.88045
30.7849 1.7314 1.57156
30.6587 1.72635 1.26248
30.4951 1.7198 1.63611
30.3624 1.7145 1.32682
30.1923 1.70769 1.70045
30.0532 1.70213 1.39094
29.8768 1.69507 1.76457
29.7313 1.68925 1.45485
29.6168 1.68467 1.14494
29.4649 1.6786 1.51858
29.3441 1.67376 1.20846
29.1859 1.66744 1.58209
29.0587 1.66235 1.27176
28.8942 1.65577 1.64539
28.7607 1.65043 1.33485
28.5898 1.64359 1.70848
28.4501 1.638 1.39772
28.2729 1.63092 1.77135
28.1269 1.62508 1.46038
28.012 1.62048 1.14922
27.8597 1.61439 1.52285
27.7385 1.60954 1.21148
27.58 1.6032 1.58511
27.4527 1.59811 1.27353
27.288 1.59152 1.64716
27.1544 1.58618 1.33536
26.9835 1.57934 1.70899
26.8438 1.57375 1.39698
26.7354 1.56941 1.08477
26.5895 1.56358 1.45841
26.4749 1.559 1.14599
26.3229 1.55292 1.51963
26.2022 1.54809 1.207
26.0442 1.54177 1.58063
25.9174 1.5367 1.26779
25.7533 1.53013 1.64142
25.6204 1.52482 1.32836
25.5189 1.52076 1.01511
25.38 1.5152 1.38875
25.2725 1.5109 1.07529
25.1276 1.5051 1.44893
25.0141 1.50056 1.13525
24.8632 1.49453 1.50888
24.7437 1.48975 1.19499
24.5868 1.48347 1.56863
24.4614 1.47846 1.25452
24.3674 1.47469 0.940216
24.236 1.46944 1.31386
24.1361 1.46544 0.999343
23.9988 1.45995 1.37299
23.8929 1.45572 1.05825
23.7497 1.44999 1.4319
23.638 1.44552 1.11695
23.489 1.43956 1.49059
23.3714 1.43486 1.17543
23.2165 1.42866 1.54907
23.0932 1.42373 1.23369
23.0014 1.42005 0.918121
22.8722 1.41489 1.29177
22.7746 1.41098 0.97598
22.6396 1.40558 1.34962
22.5363 1.40145 1.03362
22.3955 1.39582 1.40727
22.2864 1.39146 1.09105
22.14 1.3856 1.46469
22.0251 1.381 1.14826
21.942 1.37768 0.831632
21.8214 1.37286 1.20528
21.7326 1.3693 0.888437
21.6064 1.36426 1.26208
21.5119 1.36048 0.945025
21.38 1.3552 1.31867
21.2799 1.35119 1.0014
21.1424 1.34569 1.37504
21.0366 1.34146 1.05755
20.8935 1.33574 1.43119
20.7821 1.33129 1.11349
20.7026 1.3281 0.795581
20.5857 1.32343 1.16923
20.5006 1.32002 0.851111
20.3781 1.31512 1.22476
20.2874 1.3115 0.906423
20.1594 1.30638 1.28007
20.0633 1.30253 0.961518
19.9298 1.29719 1.33516
19.8281 1.29312 1.01639
19.6891 1.28756 1.39004
19.582 1.28328 1.07105
19.5068 1.28027 0.751868
19.3943 1.27577 1.12552
19.3137 1.27255 0.806117
19.1957 1.26783 1.17977
19.1097 1.26439 0.860149
18.9863 1.25945 1.2338
18.8949 1.2558 0.913963
18.7661 1.25065 1.28761
18.6694 1.24678 0.967558
18.5353 1.24141 1.3412
18.4332 1.23733 1.02094
18.3631 1.23452 0.700465
18.2557 1.23023 1.07412
18.1804 1.22721 0.75343
18.0677 1.22271 1.12708
17.987 1.21948 0.806177
17.8691 1.21476 1.17983
17.7832 1.21133 0.858705
17.6599 1.2064 1.23235
17.5688 1.20275 0.911015
17.4404 1.19762 1.28466
17.3441 1.19376 0.963106
17.2799 1.1912 0.641345
17.1784 1.18714 1.015
17.1091 1.18437 0.693022
17.0025 1.1801 1.06667
16.928 1.17712 0.744479
16.8162 1.17265 1.11813
16.7366 1.16947 0.795718
16.6197 1.16479 1.16937
16.535 1.1614 0.846737
16.413 1.15652 1.22039
16.3232 1.15293 0.897537
16.1961 1.14784 1.27118
16.1013 1.14405 0.948117
16.0388 1.14155 0.624844
15.939 1.13756 0.998499
15.8715 1.13486 0.675008
15.7666 1.13066 1.04866
15.6941 1.12776 0.724952
15.5842 1.12337 1.0986
15.5068 1.12027 0.774676
15.3919 1.11568 1.14833
15.3095 1.11238 0.82418
15.1897 1.10759 1.19783
15.1024 1.1041 0.873464
15.0475 1.1019 0.548891
14.9553 1.09821 0.922548
14.8955 1.09582 0.597756
14.7983 1.09193 0.971412
14.7337 1.08935 0.646401
14.6317 1.08527 1.02006
14.5622 1.08249 0.694826
14.4554 1.07821 1.06848
14.3811 1.07524 0.74303
14.2694 1.07078 1.11668
14.1903 1.06761 0.791013
14.0738 1.06295 1.16466
13.9899 1.0596 0.838775
13.9387 1.05755 0.512678
13.85 1.054 0.886335
13.794 1.05176 0.560019
13.7007 1.04803 0.933675
13.64 1.0456 0.607139
13.5419 1.04168 0.980794
13.4765 1.03906 0.654037
13.3737 1.03495 1.02769
13.3036 1.03215 0.700715
13.1962 1.02785 1.07437
13.1215 1.02486 0.747171
13.0094 1.02038 1.12082
12.9301 1.0172 0.793405
12.8835 1.01534 0.465777
12.7995 1.01198 0.839435
12.7484 1.00994 0.511587
12.6599 1.00639 0.885245
12.6041 1.00417 0.557176
12.5111 1.00044 0.930833
12.4508 0.998032 0.602543
12.3532 0.994127 0.976199
12.2884 0.991536 0.647687
12.1863 0.987451 1.02134
12.117 0.98468 0.69261
12.0104 0.980415 1.06626
11.9367 0.977466 0.737309
11.8256 0.973022 1.11096
11.7474 0.969895 0.781786
11.7021 0.968086 0.4524
11.6195 0.964781 0.826059
11.5699 0.962796 0.496451
11.4829 0.959315 0.870109
11.4289 0.957154 0.540279
11.3375 0.953498 0.913936
11.2791 0.951163 0.583885
11.1833 0.947333 0.957541
11.1206 0.944824 0.627267
11.0205 0.94082 1.00092
10.9535 0.938138 0.670426
10.849 0.933962 1.04408
10.7777 0.931108 0.713362
10.7395 0.929579 0.382431
10.6639 0.926554 0.756091
10.6214 0.924855 0.424937
10.5415 0.92166 0.798597
10.4948 0.919791 0.467221
10.4107 0.916428 0.840879
10.3598 0.914391 0.50928
10.2715 0.910859 0.882939
10.2164 0.908654 0.551116
10.1239 0.904955 0.924774
10.0646 0.902584 0.592728
9.96797 0.898719 0.966385
9.90456 0.896182 0.634116
9.80378 0.892151 1.00777
9.73625 0.88945 0.675279
9.702 0.88808 0.342574
9.63037 0.885215 0.716234
9.59204 0.883682 0.383305
9.51635 0.880654 0.756965
9.47396 0.878959 0.423812
9.39422 0.875769 0.797472
9.34781 0.873912 0.464095
9.26403 0.870561 0.837754
9.21362 0.868545 0.504153
9.12584 0.865033 0.877812
9.07144 0.862858 0.543986
8.97967 0.859187 0.917644
8.92131 0.856853 0.583594
8.82559 0.853024 0.957251
8.76329 0.850532 0.622977
8.73444 0.849378 0.288487
8.66823 0.846729 0.662149
8.63548 0.845419 0.327435
8.56537 0.842615 0.701096
8.52876 0.84115 0.366158
8.45478 0.838191 0.739818
8.41431 0.836572 0.404655
8.33648 0.833459 0.778315
8.29219 0.831687 0.442926
8.21053 0.828421 0.816586
8.16243 0.826497 0.480972
8.07697 0.823079 0.854631
8.02509 0.821004 0.518792
7.93584 0.817434 0.89245
7.88021 0.815208 0.556385
7.7872 0.811488 0.930043
7.72783 0.809113 0.593752
7.7021 0.808084 0.257245
7.63901 0.80556 0.630907
7.60959 0.804384 0.294174
7.54281 0.801712 0.667835
7.50972 0.800389 0.330876
7.43927 0.797571 0.704538
7.40253 0.796101 0.367353
7.32843 0.793137 0.741014
7.28807 0.791523 0.403602
7.21035 0.788414 0.777263
7.16638 0.786655 0.439625
7.08505 0.783402 0.813285
7.03751 0.7815 0.47542
6.9526 0.778104 0.84908
6.90151 0.77606 0.510988
6.81304 0.772522 0.884647
6.75841 0.770336 0.546329
6.73763 0.769505 0.207792
6.67948 0.767179 0.581455
6.65521 0.766209 0.242691
6.59358 0.763743 0.616354
6.56584 0.762634 0.277363
6.50074 0.76003 0.651025
6.46956 0.758782 0.311807
6.40101 0.75604 0.685469
6.36641 0.754656 0.346024
6.29444 0.751778 0.719685
6.25644 0.750258 0.380012
6.18107 0.747243 0.753673
6.1397 0.745588 0.413772
6.06095 0.742438 0.787433
6.01622 0.740649 0.447304
5.93413 0.737365 0.820964
5.88607 0.735443 0.480607
5.80064 0.732026 0.854266
5.74927 0.729971 0.513681
5.73198 0.729279 0.172875
5.67733 0.727093 0.546539
5.65678 0.726271 0.205505
5.59886 0.723954 0.579168
5.57507 0.723003 0.237906
5.51391 0.720557 0.611568
5.48691 0.719476 0.270078
5.42253 0.716901 0.64374
5.39233 0.715693 0.30202
5.32476 0.71299 0.675682
5.29139 0.711656 0.333734
5.22065 0.708826 0.707396
5.18413 0.707365 0.365218
5.11024 0.70441 0.738879
5.07059 0.702824 0.396472
4.99358 0.699743 0.770133
4.95083 0.698033 0.427496
4.87071 0.694829 0.801157
4.82488 0.692995 0.45829
4.81336 0.692535 0.115202
4.76448 0.690579 0.488866
4.74992 0.689997 0.145548
4.698 0.68792 0.519211
4.68044 0.687217 0.175663
4.6255 0.68502 0.549327
4.60495 0.684198 0.205549
4.54703 0.681881 0.579212
4.52351 0.68094 0.235204
4.46262 0.678505 0.608867
4.43616 0.677446 0.264628
4.37233 0.674893 0.638291
4.34295 0.673718 0.293822
4.2762 0.671048 0.667484
4.24392 0.669757 0.322785
4.17427 0.666971 0.696447
4.13912 0.665565 0.351516
4.06661 0.662664 0.725178
4.0286 0.661144 0.380016
3.95324 0.658129 0.753678
3.91241 0.656496 0.408285
3.83421 0.653369 0.781946
3.79058 0.651623 0.436322
3.78153 0.651261 0.0904737
3.73512 0.649405 0.464138
3.72331 0.648933 0.118058
3.67414 0.646966 0.491722
3.6596 0.646384 0.145411
3.60769 0.644308 0.519075
3.59044 0.643618 0.172532
3.53582 0.641433 0.546196
3.51588 0.640635 0.199421
3.45857 0.638343 0.573084
3.43596 0.637438 0.226078
3.37599 0.635039 0.599741
3.35074 0.634029 0.252502
3.28812 0.631525 0.626165
3.26025 0.63041 0.278694
3.19502 0.627801 0.652357
3.16455 0.626582 0.304653
3.09672 0.623869 0.678315
3.06368 0.622547 0.330379
2.99328 0.619731 0.704041
2.95769 0.618308 0.355871
2.88474 0.615389 0.729534
2.84662 0.613865 0.381131
2.84337 0.613735 0.0325023
2.80276 0.61211 0.406167
2.79703 0.611881 0.0573048
2.75393 0.610157 0.430969
2.74574 0.60983 0.0818741
2.70019 0.608008 0.455538
2.68957 0.607583 0.10621
2.64158 0.605663 0.479874
2.62855 0.605142 0.130312
2.57815 0.603126 0.503976
2.56273 0.602509 0.15418
2.50995 0.600398 0.527844
2.49217 0.599687 0.177814
2.43702 0.597481 0.551478
2.4169 0.596676 0.201214
2.35941 0.594376 0.574878
2.33697 0.593479 0.22438
2.27717 0.591087 0.598043
2.25244 0.590097 0.247311
2.19034 0.587614 0.620974
2.16334 0.586534 0.270007
2.09897 0.583959 0.64367
2.06972 0.582789 0.292468
2.00311 0.580124 0.666131
1.97164 0.578866 0.314694
1.90281 0.576112 0.688357
1.86914 0.574766 0.336685
1.7981 0.571924 0.710348
1.76226 0.57049 0.358441
1.76163 0.570465 0.00630524
1.72363 0.568945 0.37997
1.72087 0.568835 0.0275989
1.68075 0.56723 0.401263
1.67588 0.567035 0.0486572
1.63365 0.565346 0.422322
1.6267 0.565068 0.0694797
1.58238 0.563295 0.443144
1.57338 0.562935 0.0900665
1.52701 0.56108 0.463731
1.51596 0.560639 0.110417
1.46756 0.558702 0.484082
1.4545 0.55818 0.130532
1.40408 0.556163 0.504196
1.38904 0.555562 0.15041
1.33663 0.553465 0.524074
1.31963 0.552785 0.170052
1.26526 0.55061 0.543716
1.24631 0.549852 0.189457
1.19 0.5476 0.563121
1.16914 0.546765 0.208625
1.11091 0.544436 0.582289
1.08815 0.543526 0.227556
1.02803 0.541121 0.601219
1.00341 0.540136 0.24625
0.941415 0.537657 0.619913
0.914944 0.536598 0.264706
0.851107 0.534044 0.638369
0.822814 0.532913 0.282925
0.757156 0.530286 0.656588
0.727065 0.529083 0.300906
0.732566 0.529303 -0.0550076
0.7007 0.528028 0.318657
0.70445 0.528178 -0.0374941
0.670832 0.526833 0.336171
0.672854 0.526914 -0.0202184
0.63751 0.5255 0.353446
0.637828 0.525513 -0.00318077
0.600779 0.524031 0.370484
0.599417 0.523977 0.0136187
0.560689 0.522428 0.387283
0.557671 0.522307 0.0301799
0.517287 0.520691 0.403845
0.512636 0.520505 0.0465025
0.47062 0.518825 0.420167
